15
26
37
39
41
47
54
73
74
92
96
98
108
116
123
125
129
156
166
182
184
190
198
201
207
217
231
232
234
236
241
246
248
258
272
275
313
314
337
338
346
351
352
368
370
373
375
376
393
406
421
426
428
460
461
464
493
497
504
507
509
516
530
532
543
544
549
553
570
579
590
598
601
604
606
613
642
659
660
668
676
678
692
699
705
717
718
720
721
730
734
740
744
751
753
754
755
769
774
776
779
792
808
811
813
825
826
832
837
839
844
850
851
872
874
875
890
901
912
920
922
925
929
935
939
941
945
952
956
958
961
971
977
981
986
992
1009
1010
1021
1028
1035
1037
1056
1063
1069
1078
1085
1086
1097
1098
1101
1104
1123
1125
1127
1136
1138
1147
1149
1180
1200
1207
1210
1245
1246
1248
1252
1269
1272
1278
1291
1300
1308
1315
1323
1334
1339
1342
1345
1358
1362
1367
1369
1383
1396
1397
1399
1407
1408
1415
1420
1426
1431
1434
1443
1457
1462
1473
1479
1501
1503
1506
1507
1513
1517
1519
1521
1546
1557
1559
1568
1569
1571
1572
1580
1582
1590
1597
1599
1608
1612
1618
1619
1634
1637
1643
1648
1653
1656
1657
1659
1660
1663
1665
1666
1674
1676
1693
1719
1738
1740
1741
1750
1751
1754
1756
1758
1762
1763
1787
1798
1805
1806
1810
1826
1848
1861
1866
1893
1900
1918
1929
1942
1948
1949
1972
1983
1985
1996
2000
2003
2019
2025
2036
2042
2051
2054
2062
2097
2101
2115
2117
2121
2123
2129
2141
2153
2154
2159
2160
2165
2172
2174
2179
2186
2191
2194
2195
2213
2229
2242
2260
2270
2290
2294
2295
2305
2310
2343
2346
2357
2372
2402
2422
2428
2448
2459
2464
2467
2470
2475
2482
2491
2495
2499
2515
2524
2529
2530
2534
2535
2543
2546
2556
2559
2562
2564
2565
2579
2583
2587
2594
2610
2612
2616
2629
2674
2683
2684
2723
2762
2765
2816
2854
2859
2868
2883
2904
2908
2923
2933
2949
2974
2977
2979
2993
2994
3003
3033
3046
3054
3073
3080
3101
3115
3116
3139
3163
3197
3198
3202
3203
3211
3241
3242
3247
3288
3289
3301
3303
3311
3320
3326
3334
3340
3344
3348
3385
3403
3409
3414
3434
3438
3449
3450
3451
3459
3490
3504
3512
3519
3531
3543
3558
3559
3584
3593
3594
3595
3608
3632
3633
3637
3642
3656
3683
3687
3694
3700
3713
3731
3743
3775
3783
3791
3798
3810
3827
3830
3832
3842
3851
3854
3855
3872
3882
3895
3896
3904
3911
3916
3919
3961
3962
3971
3979
3986
4010
4011
4019
4028
4046
4047
4053
4060
4071
4072
4082
4110
4137
4144
4155
4156
4160
4163
4167
4175
4181
4192
4194
4198
4199
4225
4264
4291
4315
4317
4320
4342
4345
4346
4350
4389
4398
4400
4401
4404
4423
4440
4466
4474
4475
4498
4509
4512
4526
4527
4533
4550
4552
4558
4559
4568
4570
4571
4589
4605
4606
4615
4622
4624
4627
4629
4672
4678
4694
4712
4715
4718
4741
4750
4757
4763
4771
4772
4774
4779
4801
4812
4829
4831
4834
4851
4862
4882
4933
4934
4940
4979
4990
4991
